header:
  seq: 999
  frame_id: base_link
status:
  status: 0
  service: 1
latitude: 50.105636
longitude: 14.417962
altitude: 190
position_covariance: [3.9561210000000004, 0.0, 0.0, 0.0, 3.9561210000000004, 0.0, 0.0, 0.0, 7.650756]
position_covariance_type: 2
